-291 650 453 -429 54 -800 -383 88 682 -252 -872 166 436 -453 -863 -988 -364 -630 -192 -204 -274 945 -50 -594 848 -509 47 168 224 -594 990 788 -641 -454 35 478 352 -682 829 -982 -167
-168 -154 -709 213 -861 329 -365 -375 -222 717 -751 -650 -140 833 557 -355 -572 -22 -830 805 -855 -252 -896 -711 747 748 89 82 -603 -765 -722 -431 -123 -305 439 -472 -852 684 -333 -62 -312 573 -613 262 -287 -482 833 57 816 -792 255 958 649 -758 -288 -322 428 389 -195 35
-551 -594 -809 192 315 -745 502 -31 -66 -106 -860 -514 858 -598 -326 -455 123 174 376 119 283 459 747 -75 601 -676 -546 829 -855 291 -89 616 297 610 -955 -79
-596 420 -621 -608 920 -731 609 -13 -596 573 -86 691 -911 600 -125 343 316 504 -906 133 -279 494 -176 823 -994 -953 -482 -9 746 966 -491 -662 687 549 159 147 -576 72 196 -233 94 -917 -326 -472 -269 178 4 -616 -591 -915 -220 -107 623 435 -722 -356 42 646
-702 -528 -837 -715 -929 990 195 -248 -240 409 -387 -514 476 219 -781 -313 218 -599 595 -484 -294 -937 547 -694 104 240 438 998 -502 -360 479 -969 -508 151 -56 -934 -459 -601 853 853 747 -780 -798 25 -287 -984 -316 619 -122 -756 868 200 -886 -209 -351 198 -129 200 -566 706 -343 -121 -10 -249 -163 165 -204 291 -788
-195 759 741 -151 -165 -331 -844 -282 402 249 307 -601 -21 911 -888 -215 327 313 -912 657 814 -311 464 576 173 693 -862
103 -732 1 28 842 -585 280 954 -331 -972 -574 -523 47 -239 392 -552 466 221 604 -679 595 -376 855 356 270 -255 -626 257 -125 962 948 -829 722 932 775 174 -229 125 101 537 -309 -900 -365 882 15 -6 -907 -708 -970 -28 -167 -558 -3 399 714 328 -549 -71 571 -168 154 -309 -470 154 -246 -479 887 -663 753 523 373
-748 502 -924 -396 994 -245 334 211 685 124 -465 -650 60 905 -738 591 -893 -324 -510 -673 624 -814 -651 -762 -207 217 776
426 505 264 3 -566 -723 144 -47 730 623 743 940 -364 533 257 -748 391 149 796 69 -272 -827 869 -241 -752 -737 -337 -583 439 -736 -442 37 -357 431 -660 741 814 -624 -55 523 958 -614 -653 654 -498 -254 696 394 -353 -941 -77 -677 -151 272 -771 295 -992
975 -880 341 656 934 -309 973 38 943 -534 211 -755 -243 84 -30 689 -954 -553 577 423 -369 -349 514 -242 -410 242 -248 -979 -100 -571 812 -645 153 175 989 100 -664 -594 -544 240 -340 736 -142 627 -599 -751 506 -855 -567 209 -444 -477 4 612 -892 858 592 633 -654 -858 -442 -18 686 44 573 -101 754
-429 -958 -70 -312 774 -93 703 112 322 -154 -721 -969 -658 2 -761 627 158 -276 -527 981 775 -594 -620 724 -7 285 430 -654 108 -404 -243 429 -544 -645 427 545 677 -372 -21 -802 692 -305 481 -22 -407 -655 851
950 740 -85 -179 -519 601 -394 715 241 -898 378 331 -94 -533 508 175 667 906 942 -482 -500 411 31 -394 35 354 123 -294 899 -366 878 755 -22 -408 450 -544 -965 14 -734 -201 -762 -985 548 708 -859 760 -984 -907 -279
482 588 -428 919 603 297 -734 -759 -985 759 -739 -531 84 371 -952 341 0 239 -604 954 -494 967 752 -159 -603 -300 -838 848 109 132 745
-758 734 979 988 814 -231 -28 -225 -303 -846 -702 -104 281 667 -89 -487 -707 -983 -407 -179 542 411 742 -667 396 128 558
-110 -685 306 -873 816 -663 784 461 -871 -40 990 947 426 -226 408 -21 533 760 178 -360 -429 -688 581 -845 621 -850 545 738 77 443 -393 858 63 -548 -226 -996 335 -993 -646 -412 -130 324 -487 259 684 -598 -126 151 916 212 711 -155 550 -952 -697 663 734 524 745 638 305 -206 641 331 -299
-193 -684 792 669 -279 -377 507 -627 -524 -618 -916 670 -230 -76 -845 -597 283 -280 659 489 -150 -811 -745 -299 87 -646 -965 -830 -132
-724 199 -198 -809 -965 -330 145 410 -119 347 457 -673 -179 -637 348 -925 -494 970 77 470 796 -804 -970 711 901 861 197 894 -213 -634 -931 445 -333 444 -496 181 -421 -602 -117 813 231 759 -725 227 855 -460 -533 144 367 -55 -372 824 -467 553 619 -829 499 95 -929 420 74 230
-511 907 728 -456 -887 -87 81 82 805 34 -574 305 -971 851 414 -227 59 851 -933 692 -847 -477 214 705 169 519 956 -952 828 61 318 -896 -667 10 478 -789 -761
355 5 608 -973 979 -867 -911 -890 -96 947 -750 -780 -133 -448 490 378 -962 60 -388 -555 -959 484 -479 -902 35 608 696 -261 -590 187 450 620 -390 -957 153 768 310 452 981 839 734 673 -973 272 -176 316 -892 -171 -220 641 -658 -291 -584 426 -303 408 -457 -283 912 -726
-597 -737 -850 -523 -839 -259 347 318 -284 -576 -692 -376 -121 -722 -726 41 -303 376 -652 -37 997 456 -708 502 -958 446 962 523 -369 474 -490 -946 593 352 -70 -559 370 -761 -572 -447 739 -686 160 -231 -74 146 724 253 759 720 -172 961 -286 -268 64 739 760 795 -709 -6 650 364 685 170 -937 -581 753 -35 -809 -473 955 -204
217 -72 -961 -148 -58 -466 96 -993 947 -24 -420 970 -334 -545 -707 538 705 -664 -310 -77 -70 200 938 688 146 150 -805 -77 177 698 723 -959 -968 -89 -283 746 -447 951 243 -763 858 368 176 596 -691 -758 -104 662 -280 -478 274 766 913 297 660 -568 -499 281 -609 358 -515 231 -740 408 -926 -780 -423 -760 449 313 915 597 138 -858
-909 599 705 -743 673 -465 176 -29 146 896 -639 -193 423 313 226 96 421 388 179 -165 744 -807 -420 -245 790 835 59 955 -542 195 -645 -108
142 -504 12 -653 210 947 203 -903 67 -366 -959 720 -484 -552 216 -853 668 909 989 -474 -765 83 -982 664 890 -461 -772 -456 -952 -85 454 -834 304 847 486 13 -434 -128 -655 182 -907 -524 -962 598 -407 -691 962 -765
-347 370 912 231 -401 -787 599 67 -28 -32 -875 -616 -589 -204 -561 -299 376 -274 939 288 682 -738 -49 -177 -494 -947
-30 248 785 951 -379 71 -715 74 -118 -737 -980 -834 305 568 -475 363 601 901 -584 16 -720 -137 -554 -382 -832 807 302 -167 -307 -250 -329 469 -433 -54 422 -88 -855 180 393 470 -911 -717 378
964 -913 -450 -660 -524 993 -35 -5 143 375 -891 -715 105 -909 540 -64 -648 492 488 -615 -282 314 362 -45 339 -111 301 97 -567 242 346 -444 477 959 109 845 -358 825 -764 826 -241 790 184 -107 133 -978 117 666 600 58 -906 873 -760 88 738 803 -368 931 -531 -775 204 -55 630 -465 104 -45 251 -227 785 -380 961
226 156 -473 -616 -126 -429 604 437 360 -704 -590 691 241 957 -168 -114 357 737 -727 -814 190 643 -96 639 606
223 22 -998 309 54 112 519 76 158 -356 -533 120 -998 83 879 -278 761 -224 -791 745 -127 797 -33 -871 -41 992 -829 818 619 -977 -592 23 112 -973 -69 -913 -822 -312 610 770 -189 577
-20 584 -535 961 -730 73 -410 -485 164 129 -89 588 -354 -918 88 230 772 -551 -533 -624 -375 799 -590 -397 414 -550
392 -558 383 161 -768 -303 -49 473 209 -200 -230 895 -580 203 -19 -939 164 -807 -842 464 136 142 613 -406 936 44 -943 7 -867 436 -773 753 -759 -957 -33 -338 -108 271 196 134 -902 -634 295 -697 -33 -319 -258 229 367 848 -240 -304 -983 59 457 -809
101 -914 -671 506 -233 657 120 401 -994 392 -902 771 -134 848 64 -205 -433 482 622 -116 88 835 -137 313 574 429 879 -669 -357 -235 592 243 -354 -727 -505 -41 96 539 -297
435 849 -586 -54 69 -534 454 -788 129 -695 422 462 636 619 -820 179 -90 -489 -203 144 -61 -428 -147 -420 -387 -439 722 -694 213 892 768 456 -591 -978 -164 -602 586 267 361 -97 -198 163 -517 -944 -733 512 -658 -355 -330 383 737 892 251 591 190 631 927 -107 692 493 671 334 -521 302 -107 -778 179 -378 -810 372 -256 262 105 635 110
560 -354 988 -641 603 478 771 -191 458 226 205 30 696 146 -916 153 -887 -51 -685 701 -103 728 -172 640 -816 -399 -697 -872 567 212 -834 436 -613 46 -193 -430 131 -807 -455 901 -609 882 -678 22 166 -696 195 -323 -701 406 -44 6 -126 -471 347 -532 -189 655 -466 -465 -347 -699 501 -180 748 621 -525
-614 -843 429 541 209 -228 494 -409 -61 -160 291 544 -431 750 -799 153 -862 206 -838 -947 -144 -972 -425 664 -658 351 -267 991 -615 -225
35 -46 827 975 515 -632 -858 84 -780 512 542 -791 850 -948 519 -760 -598 732 680 -350 772 -340 -152 351 -196 801 -320 -102 306 -768 -566 -690 441 812 906 -164 574 -118 443 -978 -801 514 581 -26 28 876 -329 193 -213 -890 -482 921 -752 -199 -777 -419
984 679 563 -225 -398 -515 -201 738 945 -877 -40 601 997 -878 774 377 -173 -982 -436 -297 -40 108 -713 390 130 -106 -454 -337 -743 257 -258 163 160 -861 678 -289 -483 -20 -375 932 -96 202 886 702 785 -57 248 232 -895 205 228 -150 950 -181 -115
-701 -797 -615 -642 262 617 82 -207 910 687 -628 977 687 749 679 708 527 806 -829 -223 -466 -409 -286 391 909 477 911 91 -851 241 79 -194 68 -713 814 707 -905 459 417 -252 -560 778
550 717 888 -180 668 589 -542 563 199 914 -818 40 -479 -287 -249 -139 -373 541 647 35 129 10 583 352 575 -945 -380 -173 57 -642 -908 -788
140 -212 -442 -194 594 925 438 604 -288 -757 757 -242 -81 902 922 334 902 -533 289 894 -383 -33 518 740 368 396 -427 -803 -132 433 546 -713 803 479 747 109 933 -782 -35 182 297 -612 -839 191 170 -270 207 -351 769 -424 558 338 -998 -442 813 594 -384 705
-960 -11 -807 -347 658 918 -683 -13 -747 608 -816 124 928 -407 451 -683 14 422 -227 -962 63 -824 941 814 -872
-570 -652 -919 545 566 -994 -212 -535 -93 758 328 -294 481 -275 -643 -212 580 803 -609 -800 -815 -317 -420 -848 315 -780 -682 -501 477 533 841 -663 -50 -10 341 -528 227 -565 -405 -370 784 -950 -417 795 -623 -270 -407 -816 970 -293 -445 930
-648 850 68 688 -827 -839 527 -577 -353 -327 -346 -115 531 -622 155 -547 601 193 -27 -518 -961 -653 -906 -207 -238 -979 -65 118 -54 -8 279 -680 741 -9 -896 -895 -113 382 -805 -875 -893 390 -157 -551 511 -458 -554 -892 -740 -405 265 -651 -608 463 -132 -875 -701 128 -383 636 445 -501 946 882 647 -665 -684
-933 111 -777 513 -403 -858 -475 -277 -89 740 -602 768 -769 392 -476 -160 -76 364 -61 588 963 304 15 -594 524 -749 -676 251 -476 -885 779 -122 -849 -510 72 -371 984 942 -930 -911 -566 -696 -217 713 289 -539 -539 -12 691 58 -117 -498 820 946 -189 750 222 -141 783 -160 907 -317 -672 -306 -889 -999 176 992 -354 -965 801
332 -640 195 203 841 117 -437 -672 580 346 140 -346 -538 469 332 698 -891 941 -447 299 -772 160 155 949 -537 -610 171 -677 -843 150 -391 -476 -896 765 151 -973
260 529 691 -762 -761 305 -624 -732 263 912 -611 427 -940 -725 -415 875 879 -575 -901 163 -991 -180 10 346 -247 -895 858 -134 -67 609 -854 316 -696 285
-535 81 472 -120 -208 648 333 449 -342 86 467 -151 -395 773 940 -794 17 463 690 2 -743 -897 525 279 -727 823 224 -610 -906 229 -499 382 -543 -534 50 949 -83 -590 542 621 -572 126 807 138 628
722 308 -426 467 -598 15 427 -813 -105 122 -164 911 -139 618 122 434 290 -350 688 65 -596 -448 719 511 192 -623 -989 636 962 245 852 -494 300 796 -542 -313
576 161 538 268 561 -339 480 14 -483 965 -43 30 56 -817 639 -454 419 -395 -626 313 414 265 739 329 -979 621 196 -702 474 -783 -798 924
-638 863 828 -271 -305 -846 231 527 -244 780 618 -466 -120 -117 744 -922 -769 585 660 510 962 963 889 -673 -563 262 78
-575 -523 756 -978 445 -324 -375 752 398 624 810 -292 -735 402 809 691 -203 -248 746 -723 403 -771 -673 335 570 605 -553 580 -243 606 -33 160 -488 611 238 885 785 668 -174 -668 -915 -238 -668 -348 28 248 -99 610 -429 -402 463 -936 748 223 266 768 -449
-504 -666 615 -611 844 612 -541 -247 -243 -607 13 615 974 312 -47 840 -319 393 819 242 329 606 -125 -343 -161 -967 -530 195 -830 363 -998
316 875 298 644 158 -403 -995 360 -811 -601 833 -762 794 -389 -389 -376 30 -600 -990 236 741 -948 -765 761 549 -47 -41 157 648 678 93 294 226 12 -865 -65 504 51 -684 812 311 -993 -288 302 565 -599 -990 259 -219 353 127 -912 782 742 562 -82 -779 -932 862 -440 -610 704 -687 -775 248 956
-333 -489 -268 924 -768 -205 -733 -969 -748 470 -564 132 24 -850 747 -586 433 -168 -791 449 727 -830 -201 -412 594 -601 787 -409 -110 -826 -462 257 -868 278 897 -194 -554 -239 884 652 224 -212 -572 -385 961 -530 718 834 -600 782 -563 -53 937 -569 -845 -30 -721 -847 -788
87 188 -392 998 794 -265 704 -325 524 -424 -689 421 137 807 -341 -253 805 -281 87 -605 -938 792 -257 608 668 243 -126 -450 -139 -124 627 -546 57 -724 234 478 651 -192
-66 -443 701 256 -832 -497 2 143 76 931 -562 -926 114 234 110 93 836 -775 213 152 824 -535 779 -823 -668 -713 -772 186 649 -6 513 953 -845 582 -391 -891 519 575 -289 567 222 522 773 699 322
-241 326 -256 -433 -129 -344 320 -466 874 598 -615 -346 -934 -202 308 -574 -800 -933 128 520 916 418 -480 -161 -202 975 -542 -590 239 -190 -529 -393 -185 441 764 900 234 642 723 -758 576 -1 -955 -793 -101 181 -898 458 -855 134 182 9 -3 784 206 -286 172 194 -329 628 -474 -335 -859
111 -294 -379 938 801 -961 -800 487 435 567 271 925 867 -230 -748 752 559 -323 -401 -398 -952 25 386 -55 -146 -913 166 159 960 359 231 328 -353 523 872 -77 -650 -512 269 -781 530 312 473 -135 457 197 -447 -516 -606 905 827 -829
405 630 -512 -527 595 -256 101 722 -425 -816 739 657 -435 173 -883 -385 292 386 -362 236 -984 -684 -971 -978 40 -47 295 -627 890 -704 352 668 -829 582 963 400 -437 78 808 -672 336 -622 -336 -24 -591