611 N/A -223 227 -10 N/A 446 -519 N/A -596 624 546 281 -32 609 373 -510 -293 N/A 854 -651 145 N/A 487 -360 N/A -147 -430 706 N/A -711 -194 -296 N/A -761 -925 N/A -803 985 333 -692 N/A -620 N/A -6 689 -369 958 N/A 805 -939 N/A -669 940 572 -2 N/A -37 N/A 823 351 -94 -834 N/A 539 N/A 625 -127 107 -715 -11 N/A 454 970 -125
691 697 687 N/A 270 -107 -895 N/A -705 N/A -959 870 848 N/A -419 -1000 955 -753 962 -558 334 -624 324 N/A 927 281 N/A -492 571 -104 N/A -625 775 N/A 817 -35 541 N/A -402 N/A 114 -741 N/A -531 N/A 365 N/A 259 217 548 -187 404 -246 139 -189 N/A 411 355
-248 76 N/A -45 727 524 -987 N/A -571 N/A 245 242 -797 961 -252 N/A 258 64 999 -375 N/A 789 104 N/A -115 -913 N/A 639 -15 -269 766 N/A -637
782 -305 N/A -387 -149 N/A 311 -927 798 N/A 5 668 527 -29 N/A -1000 N/A 613 N/A -425 28 -922 488 N/A 880 -630 -737 -608 623 N/A 873 -130 N/A 52 446 N/A 613 263 -570 N/A 59 -517 -149 50 N/A -132 N/A -567 N/A 739 372 -817 -456 883 -269 N/A 946 -768 -583 944 -362 -44 839 N/A 786 N/A 832 935 230
793 259 N/A -438 -422 392 -250 -555 -686 -708 -10 385 411 270 N/A 489 N/A -405 194 N/A 622 -351 419 852 577 -4 235 N/A 359 N/A 339 N/A 241 N/A -758 25 N/A 699 N/A -927 617 78 579 -180 -630 N/A 510 732 N/A 713 N/A -396 -677 N/A 193 -664
530 N/A -962 -763 N/A -548 N/A 846 836 N/A -856 213 410 602 -464 -60 -136 N/A -564 N/A -415 -260 571 N/A -31 -985 -497 169
-262 N/A 739 513 -138 N/A 964 362 217 N/A -565 -259 68 473 486 N/A 829 864 176 N/A -363 N/A 129 -908 36 N/A -794 984 N/A 769 N/A 708 N/A 270 -814 -796 -624 N/A -843 -48 N/A -954 207 -39 N/A 723 451 653 -896 913 784 930 -645 -956 N/A -14 955
256 549 794 -654 N/A -369 66 729 N/A 839 966 227 592 273 -544 -959 470 -547 -192 -215 620 192 N/A 481 N/A 84 N/A 313 -448 N/A -15 365 -378 -968 212 N/A 270 345 N/A -613 N/A 854 N/A -196 N/A -698 102 -752 N/A -584 N/A 989
-462 9 -803 N/A 111 -913 N/A -270 -560 -958 -975 695 -857 50 N/A 965 -506 N/A -621 N/A 424 -104 -312 N/A 271 N/A 377 -321 -302 295 421 -849 -969 -217 -985 498 N/A -744 N/A 339 -357 241 509 N/A -900 N/A 619 N/A 656 622 254
-479 N/A -236 -782 N/A 750 919 579 601 N/A -615 N/A -498 815 N/A 202 -733 350 N/A 928 N/A -511 N/A 207 980 772 N/A 615 -917 632 -1 372 6 -718 N/A -77 -929 N/A -715 806 758 302 107 -261 330 N/A -987 716 -485
508 -544 689 123 N/A 907 -4 -347 640 N/A -403 122 N/A 778 N/A -832 N/A -366 574 503 N/A -637 N/A -883 773 304 989 313 -738 N/A -311 N/A -760 482 741 N/A -748 885 381 552 -926 N/A 299 396 -308 -741 -764 N/A -44 211 -914 N/A -478 480 845 774 251 N/A -712 N/A -777 -528 726
553 645 N/A -908 N/A 867 -417 -109 N/A -796 -914 566 N/A 460 N/A -833 804 -886 N/A 199 706 -40 -831 -732 110 N/A -867 686 453
-680 -869 N/A -804 816 452 -183 N/A 669 -393 626 N/A -406 N/A 604 -495 N/A -967 82 339 -895 N/A 547 -179 379 N/A 508 -651 -575 N/A -564 562 682 120 676 -487 -834 214 N/A 791 -525 N/A -365 N/A 265 255 N/A -361 -96 -810 700 N/A 950 -171 288 -517 -631 -608 N/A -925 N/A 636 -44 N/A 72
-908 -284 42 -797 N/A 725 -984 525 -58 -833 N/A 259 604 -582 N/A 908 95 555 N/A -335 -973 -379 N/A -217 -810 724 -489 490 564 -982 N/A -351 -540 -606 -635 N/A 416 N/A -833 700 N/A 447 N/A 100 N/A -452 N/A -744 -187 -410
568 993 542 931 N/A 463 318 N/A 104 N/A -164 -240 -258 N/A 908 -485 453 176 601 N/A -949 -835 -293 N/A -806 -464 812 524 N/A 524 N/A -483 15 736 132 502 N/A -276 -894 N/A -539 77 -60 969 N/A -382 654 -7 -565 N/A 125 N/A -243 N/A 788 652 N/A 509 835 -165
492 166 -110 -649 N/A -924 754 N/A -947 N/A -507 258 694 N/A -935 886 N/A 729 N/A -603 N/A -722 -438 271 520 -655 N/A -675 -921 N/A 160 -366 -159 55 142 876 N/A 964 N/A 500 -428 -116 392 -839 -327 -813 -863 -861 N/A -35 N/A -976 719 620 N/A -32 N/A -552 -164 -939
742 -508 137 -793 -840 469 -772 N/A -168 -626 746 N/A 58 N/A -849 18 988 -163 451 N/A -156 N/A -19 882 N/A 594 N/A -699 60 N/A 28 319 -987 118 -230 -92 681 N/A -839 N/A 547 267
803 925 -101 176 -397 N/A 476 N/A -550 154 925 -127 196 570 N/A -137 N/A 36 -435 -112 929 N/A 658 170 -382 634 N/A 181 N/A 406 -530 400 N/A -604 918 N/A 764 66 N/A -729 -877 -70 N/A -375 -871 -538 -685 N/A -88 -128 630 86 -686 N/A 611 N/A 433 -202
702 269 N/A 377 N/A -826 -953 N/A -468 -25 -759 -975 -747 N/A 739 -522 -188 N/A 308 -66 632 860 -541 N/A -653 -678 N/A 948 171 N/A -445 -823 743 N/A -704 701 179 700 -359 N/A 238 767 583 -345 N/A 843 998 -607 -718 583 N/A 462 N/A -563 510 84 965 -685 N/A -652 -22 N/A 845
936 810 -141 N/A -593 N/A -116 -385 N/A 543 N/A -361 N/A -344 739 N/A -456 463 803 -254 -682 -338 N/A 140 49 -906 -205 267 28 722 N/A -732 823 -852 N/A -826 -569 -117 N/A 91
333 988 768 256 -380 N/A -287 -207 -427 N/A 405 -512 987 -147 -316 N/A 529 -228 625 N/A 557 -484 N/A -293 -593 -704 -382 334 -706 N/A -293 210 148 N/A -352 -233 N/A -307 N/A -926 978 N/A -570 N/A 925 -619 224 N/A 243 -576 252 N/A 996 N/A 657 -206 -432 -821 933 N/A 527 -658 -276 -386 N/A 829
-592 N/A -848 N/A -64 650 -313 -869 -257 N/A -172 -560 566 N/A 462 N/A -427 377 -998 94 N/A -829 -436 -438 865 N/A 252 -666 -875 293 269 -605 299 718 N/A 703 214 N/A 187 N/A 277 N/A 958 148 N/A -241 451 N/A -799 -708 -232 N/A 850 -525 835 936 -287 -174 620 717 N/A 919 540 N/A 389 605 196
883 -22 -299 N/A 27 N/A 959 466 -730 N/A -556 -448 N/A 558 -131 N/A 304 618 N/A 660 -769 -332 N/A -203 484 923 399 -116 N/A -222 660 897 -1000 N/A 785 -107 N/A 78 -496 22 -553 93 -398 N/A 328 -21 615
944 190 -568 N/A -862 581 N/A -215 438 632 N/A -256 N/A -550 N/A -73 408 834 -770 N/A 20 -278 411 -914 307
891 N/A -974 -23 -482 194 -571 172 N/A 10 N/A -723 619 N/A -781 N/A -47 359 N/A 162 -633 596 430 -705 -499 -880 N/A -852 60 N/A -70 -167 -184 N/A -222 737 N/A -330 N/A -991 -872 N/A 815 -737 719 N/A 144 -317 622 149 -474 788 -555 -270 N/A -7 73 N/A 53 N/A 618 606 276 N/A -334 24 156 327 398 -386
-195 837 -255 -961 N/A 700 N/A 354 -832 182 N/A 32 -855 N/A 707 -967 836 427 N/A -678 236 -539 -918 N/A -88 359 147 N/A 587 812 N/A 519 N/A -299 273 -734
874 N/A -336 1 -117 724 N/A 702 N/A 936 -866 515 N/A -182 660 235 607 N/A 692 812 -773 -835 N/A 712 N/A 175 -36 -34 -594 -474
13 N/A 378 -42 -571 893 -935 -496 N/A 157 -678 N/A -276 N/A -744 965 N/A -781 N/A 831 -285 829 N/A -774 -297 -223 628 405
843 -330 N/A 822 235 268 N/A 950 857 -916 -680 174 -169 259 -820 628 -700 N/A -725 N/A -233 N/A 324 163 N/A 817 -543
586 957 -760 97 N/A -408 N/A -958 854 N/A -377 N/A -994 305 881 -991 -308 N/A -276 245 253 73 N/A 573 -820 201 N/A 120
-387 -137 457 -835 -382 N/A -89 -295 613 N/A 239 N/A 324 N/A 999 808 -232 773 N/A -451 516 440 -690 N/A 614 -510 -742 N/A 209 N/A -71 N/A -109 417 872 -170 -742 N/A -254 -725 981 N/A 813 -475 132 310 -436 N/A -282 -760
988 -666 N/A 984 418 -202 N/A 10 -700 -388 59 N/A -818 473 N/A 50 -880 N/A 770 N/A -664 N/A -405 N/A 710 -530 N/A 375 N/A -805 -773 N/A 978 -912 -340 307 95 -461 -953 140 N/A 980 -419 N/A -799 565 311 326 543 293 570 -242 -224 -421 N/A -886 -688 196
896 N/A -255 410 -527 N/A -651 -844 774 74 784 848 N/A 636 -28 244 N/A 833 -492 716 N/A -25 N/A -536 -510 790 -150 -948 -142 N/A 400 N/A 74 N/A -606 -930 N/A 998 -667 N/A -810 N/A 828 N/A 332 380 -358 57 -900 -677 891 686 -441
-537 355 535 N/A 810 -19 850 734 N/A 932 -653 -291 N/A -483 -88 N/A 849 414 12 N/A 167 N/A 792 213 -442 -910 -811
828 863 N/A 856 -633 N/A -858 N/A 405 47 756 938 151 986 -598 -192 234 N/A 139 -627 N/A 43 N/A -444 918 -522 746 N/A 566 -856 N/A 387 N/A -907 N/A -377 560 N/A 985 N/A -620 -928 926 -511 N/A 174 514 -601 -817 N/A 846 -91 687 -233 -654 -866 -219 -274
381 -348 105 N/A -497 -507 N/A 559 326 N/A -414 -655 571 N/A -156 598 -831 N/A -99 566 -813 275 987 -984 N/A 497 -404 -130 -874 402 N/A 666 N/A 782 -683 -556 -294 -742 N/A 284 N/A -44 -611 N/A 670 814 845 N/A 587 462 -967
-827 791 420 N/A 285 396 N/A 884 307 N/A 129 -713 N/A -778 N/A -723 647 -528 N/A -181 746 N/A -75 5 -438 -65 202 903 569 610 N/A -901 N/A 150 16 -314 768 -869 838 759 N/A -389 N/A -258 N/A 481 599 -616 -513 -908 -769 N/A 388 104 333 N/A -503 N/A 924 519 184 -316 -64
286 339 43 -356 257 508 -219 N/A -902 -545 264 331 -261 N/A 541 783 -214 40 N/A 377 -376 N/A 842 959 869 N/A -413 -348 -329 283 N/A 847 N/A 990 119 N/A 832 475 -769 325 -567 N/A -570 800 N/A 505 -871 275 -88 570 -450 287 N/A -215 N/A 151 -255 507 N/A -114 -36 N/A 358 N/A -855 N/A -720 N/A 318
99 30 824 20 752 N/A -251 664 -86 -229 803 441 N/A -351 506 919 198 490 -113 -238 982 724 N/A -504 N/A -15 -910 -527 -745 -46 N/A 668 466 N/A 475 N/A -983 231 3 N/A -525 892 N/A -795 N/A 580 -708 -431 N/A 338 N/A -914 -133 591 239 694 N/A 948 162 N/A 946 -1000 N/A -937 N/A 350 -101 380 N/A -846 -306 -309 385 N/A 445
932 N/A -952 175 N/A 560 265 -746 -817 -847 -158 142 933 536 -974 -424 -811 N/A 947 500 N/A 396 N/A 339 N/A 268 362
560 705 N/A 999 492 N/A 765 61 -384 -52 580 202 N/A -851 590 -109 838 -830 -453 830 681 -106 196 N/A 897 -792 681 -726 N/A -330 480 -454 -833 N/A 564 964 N/A 738 N/A -18 N/A -613 N/A 78 N/A -866 -333 368 -99 -493 N/A 343 268 -271 967 N/A -491 567 -419 -862 N/A 855 580 N/A -938 -907 N/A -138 N/A 509 -972 N/A 504 -15 -705
115 N/A -584 -765 -189 N/A 891 3 N/A -150 N/A -423 N/A 4 -479 N/A -804 520 N/A 315 162 31 N/A -776 -859 494 863 571 -864 -844 N/A -424 811 35 312 973 -473 546 N/A 379 345 -858 -923 545 N/A 92 -313 455 -2 -165 N/A -627 N/A -843
214 685 566 510 502 -955 324 -183 N/A 361 N/A 658 N/A -42 720 193 N/A -674 N/A -634 102 882 N/A 474 808
405 -464 N/A 826 N/A 373 64 N/A -764 266 618 -786 -670 616 -497 405 -190 N/A -207 996 N/A 15 692 N/A -16 474 327 84 -182 742 -752 780 N/A 906 -257 N/A -507 64 N/A -530 806 -877 N/A -112 -437 -972 N/A 627 151 -588 N/A -451 378 N/A -125 -613 96 N/A 990 -386 N/A -8
827 -656 -129 -522 415 950 N/A 807 -278 -630 610 -214 N/A 363 813 -732 -325 N/A 238 914 916 N/A -985 389 N/A -915 -364 N/A 222 -100 792 -46 605 N/A 169 N/A -163 -669 -935 559 N/A 695 -888 N/A 900 -561 532 N/A 526 N/A 654
960 914 874 -184 739 -555 460 N/A 570 N/A 767 N/A 600 -246 N/A -89 -833 -747 N/A -138 466 -600 N/A -498 564 -655 N/A -770 N/A 447 N/A 143 880 N/A 574 -93 N/A 196 -619 392 N/A -344 201 N/A -827 -706 -948 277 481 -625 -379 -104 -643
-848 -237 436 -542 N/A -988 -627 N/A 98 210 N/A -991 -716 N/A -950 881 -499 744 -929 -636 -622 N/A 436 N/A 786 -599
765 -950 -403 -809 N/A -173 N/A 345 192 N/A -941 N/A -225 N/A 284 -118 162 N/A 39 890 N/A 932 786 -1 -858 977 -181 -438 753 179 63 372 371 -985 152 N/A -326 N/A -272 -523 239 -141 -502 188 N/A 851 N/A -662 479 N/A 830 N/A 130
773 289 -281 -99 -13 722 -10 N/A 402 N/A 712 -143 452 N/A -209 -83 -157 -843 -867 -652 N/A -718 819 N/A 300 255 N/A -556 N/A -712 N/A 221 412 815 N/A -776 -622 N/A 719 43 498 N/A -967 -115 -806 178 N/A -864 N/A 961 N/A 117 986 395 N/A 75 844 -648 257 574 -359 -883
-20 -100 186 -522 N/A 511 180 N/A -928 472 132 -250 N/A 804 N/A -721 782 277 825 N/A 649 330 221 N/A 970 504 N/A -41 781 N/A 820 995 888 -852 -738 632 -594 N/A -866
893 474 714 N/A 706 N/A -134 709 N/A 366 694 N/A 761 864 N/A 368 -722 -464 152 11 477 N/A -984 N/A 45 938 -2 387 395 N/A -299 -704 N/A 708 33 N/A -114 -503 N/A -319 934 -86 N/A 276 317 -178 699 N/A -639 622 -67 437 167 568 -981 N/A 252 -786
993 N/A 76 N/A 52 -631 299 N/A 839 113 90 -688 -783 N/A -780 -44 -558 -364 209 487 N/A -914 N/A 895 -599 -109 -709
-855 N/A -421 211 N/A 564 -83 804 -546 579 -856 -793 N/A -135 589 -661 -169 N/A -937 -654 -815 N/A -399 N/A 26 -398 -805 -730 N/A 25 -461 N/A 215
777 966 N/A -191 -665 870 N/A 280 772 -231 N/A -884 128 794 N/A 132 47 804 N/A -34 835 -106 -860 689 390 287 N/A 573 -117 N/A 50 -21 N/A 108 N/A 304 N/A -395 N/A -130 N/A 913 -873 451 N/A 857 -82 -69 -944 -305 -478 N/A -737 -972 -742 -734
-165 520 N/A -158 913 -826 516 -352 -293 -735 N/A 513 N/A -310 -37 -55 N/A -509 N/A -714 -542 N/A -475 -725 -322 556 568 N/A 705 590 N/A 749 -274 -809 533 -696 13 -47 -672 -653 N/A 847 -524 417 N/A -875 99 N/A 650 N/A 647 -784 -603 -446 350 N/A 103 -486 -449 N/A -130 N/A 191 N/A -47 -476 N/A 994
-467 N/A -413 692 -878 N/A -44 822 27 N/A 581 134 N/A 745 N/A -235 N/A 476 12 N/A -932 N/A -592 -897 -31 654 -33 132 752 N/A -380 N/A -695 526 N/A -962 -355 820 -790 N/A 171 759 -821 -354 -657 979 N/A -4 -946 364 -495 186 -92 N/A -361 -867 N/A 197 223 -360 N/A -668 -796 -551 -666 -205 531 266 N/A 947 N/A 818 -489 -244 123
985 -761 N/A -761 -415 N/A -664 -294 438 813 -545 338 -688 413 363 -234 57 N/A -798 -286 N/A 195 -775 -384 -465 343 N/A 315 N/A -695 -955 N/A 586 N/A 838 -336 955 N/A -711 -742 N/A -260 N/A -179 -529 535 825 646 -814 -91 N/A 392 N/A -657 -573
-844 -788 -322 -466 962 -661 -943 N/A 182 N/A 725 N/A 607 -144 N/A -989 -8 -950 N/A 119 990 287 611 N/A 976 -953 -942 N/A 174 688 N/A -149 72 N/A -370 N/A -560 N/A 574 678 420 533 825 839
793 710 N/A 561 416 N/A -237 746 -502 N/A -748 146 -717 130 -252 N/A 180 -949 N/A -52 N/A 203 -168 3 -458 704 431 -636 N/A 670 -87 -321 -889 477 -689 N/A -508 293 N/A 28 -870 454 N/A -290 -74 -461 N/A 697 -807 -936 806 754 -443 -207 N/A 598 N/A -722 N/A -117 276 N/A 226 N/A 541 N/A -475 -34 -482 -596 N/A 648
374 546 N/A -832 331 759 N/A -201 804 -291 84 -632 852 917 -502 23 -943 111 -955 N/A 17 N/A -426 642 N/A 663 679 -75 N/A -152 N/A -692 N/A -945 151 -485 N/A 538 302 600 N/A 466 364 -574 N/A -643
770 837 N/A -824 182 782 948 N/A -995 N/A -877 -575 -731 -632 -955 -887 N/A -334 N/A -598 563 -180 N/A 214 644 N/A -637 -493 -15 -454 N/A 561 N/A 170 -97 N/A 984 -555 409 N/A -536 -749 -750 8 632 -487 N/A -258 146 945 296 -878 N/A 225 94 990 71 N/A 462 -733 N/A 20 187 -857 889 N/A -779
340 872 N/A 937 -412 -897 N/A 723 600 N/A -137 536 434 -407 N/A -932 633 -703 114 549 614 N/A -973 N/A 656
-865 306 N/A 484 534 N/A -509 -85 257 -726 302 797 -642 -950 190 -938 494 N/A -500 N/A 17 871 853 N/A -942 36 N/A 875 -538 N/A 646 N/A -835 53 925 -763 356 940 165 N/A 195 -249 296 N/A 688 N/A -403
-702 -877 698 -189 N/A -511 -753 N/A -342 -473 996 -802 -318 -993 661 N/A -201 N/A 303 344 -853 368 N/A -46 276 N/A 147 -539 N/A -491 N/A -59 -755 -979 N/A -918 296 N/A -522 905
-999 N/A 597 N/A 945 -520 N/A -930 -713 -814 -278 -808 N/A 294 218 -471 N/A 691 -702 -317 597 N/A 284 -827 511 N/A -660 N/A -918 N/A 723 244 N/A -634 253 -557 -851 249 -930 25 N/A 259 N/A 220 965 555 -938 N/A -175 306 -501 484 810 -483 101 N/A 829 N/A 148 N/A -420 -575 707 56 523 452 N/A 572
319 N/A -37 -18 434 552 772 -300 N/A -533 365 N/A -832 -932 596 543 N/A 234 N/A -679 -828 N/A 886 -158 N/A 870 335 -987 -806 -69 -616 -719 135 147 429 N/A 902 333 N/A 388 N/A -221 -480 459 N/A -236 148 N/A 298 -782 386 -731 N/A 54
701 N/A -797 N/A 830 N/A -696 N/A 479 82 N/A -100 572 -135 -357 -312 -345 N/A 512 330 314 32 820 517 636 508 226 N/A -470 482 589 721 -829 N/A -976 659 N/A -566 -548 N/A -92 -596 N/A 432 729 301 N/A -874
136 810 -638 41 N/A 177 N/A -617 537 N/A 481 -103 N/A -739 743 237 -958 N/A -225 531 622 291 -90 -317 N/A -239 949 N/A 99 N/A 203 -526 N/A -309 581 731 436 -233 957 129 267 N/A -586 -152 N/A 641 N/A -611 658
929 -944 -257 -859 -699 N/A 91 N/A 187 218 -228 54 604 -109 -335 N/A 496 447 -835 654 -165 N/A -785 623 N/A -159 N/A 470 -50 N/A -293 954 -735 N/A -588 N/A -580 248 -965 N/A -985 204 -237 N/A -598
870 -136 -384 N/A -462 -953 335 -427 N/A 10 184 -44 -993 532 N/A -718 N/A 425 N/A -454 N/A 266 -454 N/A -236 -759 777 657 N/A -727 -430 -954 N/A -633 -526 -506 N/A 93 971 N/A 577 -740 -888 195 243 -119 N/A -933 N/A 144 993 -385 823 760 -733 155 N/A 880 N/A 80