55.357142857142854
-39.166666666666664
-61.0
-87.27272727272727
-28.846153846153847
-96.66666666666667
76.66666666666667
262.85714285714283
-187.22222222222223
225.0
286.875
293.75
-149.41176470588235
43.84615384615385
-108.33333333333333
-25.0
-370.0
81.25
133.33333333333334
71.0
209.375
140.0
126.25
-345.0
-136.36363636363637
-99.0
150.0
-55.833333333333336
-197.5
-182.0
-345.45454545454544
47.10526315789474
-85.0
328.0
214.0
95.625
207.0
63.23529411764706
-14.722222222222221
298.0
290.0
46.81818181818182
240.0
73.0
67.3076923076923
89.58333333333333
-501.6666666666667
142.22222222222223
140.55555555555554
302.0
255.0
68.33333333333333
-442.85714285714283
112.3076923076923
-50.38461538461539
-209.28571428571428
-35.0
76.875
-71.25
-372.0
-60.714285714285715
470.0
48.46153846153846
-126.66666666666667
-60.88235294117647
154.16666666666666
76.25
58.0
-534.5833333333334
150.33333333333334
